SPOT 2                  
1 20436U 90005A   13236.78092864  .00000811  00000-0  14297-3 0  8656
2 20436  98.7374  40.8552 0150263 254.4119 104.0453 14.63708352229124
SCD 1                   
1 22490U 93009B   13236.16036573  .00000367  00000-0  52757-4 0  2061
2 22490  24.9686 239.4697 0043396  34.6373  42.0823 14.43894347 84003
ERS-2                   
1 23560U 95021A   13236.11495428  .00003582  00000-0  24644-3 0  7531
2 23560  98.5609  37.4178 0003335 328.8214  91.5824 15.06672367964480
RADARSAT-1              
1 23710U 95059A   13236.86292985  .00000162  00000-0  79753-4 0  9214
2 23710  98.5818 243.2321 0001161  81.5410  37.8848 14.30043726929423
TOMS EP                 
1 23940U 96037A   13236.09727647  .00000453  00000-0  11894-3 0  3329
2 23940  97.9290  50.0386 0027682 293.5507 200.1470 14.53303399911380
MIDORI (ADEOS)          
1 24277U 96046A   13236.07182824  .00000094  00000-0  54327-4 0  3042
2 24277  98.5580 177.3075 0002353  96.2891 328.5117 14.28912756887237
ORBVIEW 2 (SEASTAR)     
1 24883U 97037A   13235.93740712  .00000181  00000-0  82487-4 0  1106
2 24883  98.4577 349.0486 0001188 255.7160 242.2390 14.32675665852355
IRS-1D                  
1 24971U 97057A   13236.81348674  .00000172  00000-0  75848-4 0    84
2 24971  98.2375 214.2732 0054863  48.3693 312.2174 14.33341544831913
TRMM                    
1 25063U 97074A   13236.51511082  .00019322  00000-0  27135-3 0  4062
2 25063  34.9585 302.7268 0001156 255.4725 227.8816 15.55752275898455
SPOT 4                  
1 25260U 98017A   13236.84357767 -.00000528  00000-0 -11724-3 0  8615
2 25260  98.5062 292.3585 0012575 217.4694 142.5640 14.52713276799638
FASAT B                 
1 25395U 98043B   13236.00185199  .00000090  00000-0  56481-4 0  7014
2 25395  98.3734 207.9513 0003619  60.0369 343.8795 14.24676397786098
TECHSAT 1B (GO-32)      
1 25397U 98043D   13235.95871632  .00000062  00000-0  45666-4 0  1446
2 25397  98.4226 200.7933 0002521 101.2630 332.5930 14.23354940785589
SCD 2                   
1 25504U 98060A   13236.78551882  .00000359  00000-0  51781-4 0  5122
2 25504  24.9963  70.4135 0017512  94.3173   4.5915 14.43500124783493
LANDSAT 7               
1 25682U 99020A   13236.77745379  .00000303  00000-0  77460-4 0  4378
2 25682  98.2331 305.1535 0000686 103.8306 256.2950 14.57102545763823
KITSAT 3                
1 25756U 99029A   13236.32856649  .00000128  00000-0  42417-4 0  1986
2 25756  98.4840 125.9447 0014047 185.9753 310.7068 14.52998432755162
DLR-TUBSAT              
1 25757U 99029B   13236.71375502  .00000039  00000-0  21545-4 0  3908
2 25757  98.5272 119.6396 0013431 235.5028 124.4889 14.51057055754503
IRS-P4 (OCEANSAT 1)     
1 25758U 99029C   13236.77437231  .00000292  00000-0  84066-4 0  4340
2 25758  98.2438 325.8741 0002501 208.1600 297.9658 14.51423050754678
QUIKSCAT                
1 25789U 99034A   13236.49237236  .00000039  00000-0  33909-4 0  6781
2 25789  98.6198  65.3428 0001873 113.1330 280.3740 14.27014483738548
IKONOS 2                
1 25919U 99051A   13236.81869767  .00000447  00000-0  93293-4 0  3772
2 25919  98.1045 310.7575 0001239  75.9475 284.1855 14.64459321743933
CBERS 1 (ZY 1A)         
1 25940U 99057A   13236.05854738  .00000158  00000-0  70313-4 0  5555
2 25940  98.3239 189.9079 0005284 178.3716 230.9885 14.34829393726018
TERRA                   
1 25994U 99068A   13236.79295641  .00000414  00000-0  10196-3 0  4229
2 25994  98.2035 310.7324 0001189  92.5335 267.5992 14.57108875727905
ARIRANG 1 (KOMPSAT-1)   
1 26032U 99070A   13236.79363868  .00000838  00000-0  15796-3 0  3289
2 26032  97.7528  66.7320 0006090  59.1193 301.0615 14.66888244731604
EO-1                    
1 26619U 00075A   13236.79572268  .00000490  00000-0  10451-3 0  7666
2 26619  98.0244 297.2445 0010118 180.2145 179.9051 14.63033996679826
SAC-C                   
1 26620U 00075B   13236.10159976  .00000372  00000-0  91775-4 0  9918
2 26620  97.9403 209.4183 0001203 113.3356  21.9784 14.57282276678269
EROS A1                 
1 26631U 00079A   13236.74953370  .00007921  00000-0  45669-3 0  5603
2 26631  97.6098 310.7346 0011676 162.4031 354.5320 15.12595154705845
QUICKBIRD 2             
1 26953U 01047A   13236.91068442  .00014842  00000-0  31883-3 0  8989
2 26953  97.1662 300.0399 0001927 101.4911  13.8289 15.44775536665676
TES                     
1 26957U 01049A   13236.83597468  .00003311  00000-0  24910-3 0  8714
2 26957  97.7263 316.9131 0047093  85.0166 275.6450 15.02364670648672
JASON 1                 
1 26997U 01055A   13236.17127556 -.00000065  00000-0 -14694-4 0  7048
2 26997  66.0398 129.2843 0008858 274.5651 228.3615 12.83923963548016
METEOR-3M               
1 27001U 01056A   13236.07388567 -.00000013  00000-0  33418-4 0  3803
2 27001  99.2236  43.6783 0013707  20.1436 129.1596 13.68752174584664
BADR-B                  
1 27003U 01056C   13236.11020152 -.00000010  00000-0  36281-4 0  4307
2 27003  99.1715  48.8364 0020177   8.5558  57.2807 13.70156501585328
MAROC-TUBSAT            
1 27004U 01056D   13235.51255654 -.00000010  00000-0  36189-4 0  1559
2 27004  99.1747  47.4127 0019811  11.6062  21.5450 13.70069528585201
SPOT 5                  
1 27421U 02021A   13236.91901620  .00000208  00000-0  11795-3 0  7493
2 27421  98.6057 303.8133 0000954  81.5395 269.8500 14.20079144586262
AQUA                    
1 27424U 02022A   13236.13737550  .00000492  00000-0  11913-3 0  7509
2 27424  98.2027 176.4731 0001890  79.2726 342.1144 14.57126869601419
HAIYANG-1A              
1 27430U 02024A   13235.75716037  .00000156  00000-0  75875-4 0  2939
2 27430  98.2764 265.2095 0008121 233.5837 257.2589 14.30215325588517
ALSAT 1                 
1 27559U 02054A   13236.75382613  .00000466  00000-0  84425-4 0  8799
2 27559  97.7634  72.4014 0024145 143.9309 345.1011 14.70391263574387
MIDORI II (ADEOS-II)    
1 27597U 02056A   13236.13733174  .00000127  00000-0  69679-4 0   911
2 27597  98.2873 255.0103 0002237 108.6766 291.5141 14.26593264556745
IRS-P6 (RESOURCESAT-1)  
1 28051U 03046A   13236.85169349 -.00000279  00000-0 -10701-3 0  3366
2 28051  98.7527 312.9897 0004507  46.0811 314.0722 14.21611536511456
CBERS 2 (ZY 1B)         
1 28057U 03049A   13236.88905396  .00000103  00000-0  50170-4 0  7664
2 28057  98.1632 233.4700 0002016  67.6311 292.5093 14.35088475515786
TANSUO 1 (TS 1)         
1 28220U 04012A   13236.60369892  .00002753  00000-0  27428-3 0  5987
2 28220  97.5077 210.6194 0012729 134.5916 315.7462 14.92314051508139
FORMOSAT-2 (ROCSAT 2)   
1 28254U 04018A   13236.78986014  .00000104  00000-0  10000-3 0  3715
2 28254  99.1013 298.4296 0001990  92.9235  41.8148 14.00743026473664
AURA                    
1 28376U 04026A   13236.40593462  .00000675  00000-0  15980-3 0  8977
2 28376  98.1982 178.9120 0001103  96.9805 263.1524 14.57120803484500
PARASOL                 
1 28498U 04049G   13236.67059541  .00000509  00000-0  11580-3 0  7316
2 28498  98.4675 212.5273 0001112 114.7762 245.3525 14.60175646462106
IRS-P5 (CARTOSAT-1)     
1 28649U 05017A   13236.81697961  .00000814  00000-0  10548-3 0  3587
2 28649  97.8678 310.8107 0001403 137.9067 222.2252 14.83448569449553
TOPSAT                  
1 28891U 05043B   13236.86197891  .00000301  00000-0  71180-4 0  7076
2 28891  97.8474  84.9547 0016013 223.5066 136.4873 14.60364916417061
SINAH 1                 
1 28893U 05043D   13236.50505797  .00000134  00000-0  36563-4 0  7673
2 28893  97.8559  87.3173 0014720 221.1846 226.5266 14.60565046417099
ALOS (DAICHI)           
1 28931U 06002A   13236.85691399  .00000775  00000-0  16895-3 0  4183
2 28931  98.0260 299.7235 0002033  62.0077 298.1324 14.60518460404065
EROS B                  
1 29079U 06014A   13236.83835946  .00010359  00000-0  48065-3 0  2356
2 29079  97.4534 354.5590 0007562 139.6192  15.5672 15.20203848406709
RSS-1 (YAOGAN 1)        
1 29092U 06015A   13236.10379744  .00000409  00000-0  59134-4 0  5012
2 29092  97.9609 228.1210 0001396 101.8045 348.1272 14.81308309396000
RESURS-DK 1             
1 29228U 06021A   13236.89256442  .00000265  00000-0  28924-4 0   495
2 29228  69.9350  35.8374 0006177 305.2122  54.8475 15.00025389399134
ARIRANG 2 (KOMPSAT-2)   
1 29268U 06031A   13236.86504360  .00000519  00000-0  11249-3 0  8279
2 29268  98.2130 132.7218 0016467  67.3482 292.9457 14.62186625377556
LAPAN-TUBSAT            
1 29709U 07001A   13236.79961271  .00000303  00000-0  45547-4 0  3317
2 29709  97.6277 253.8256 0012904 339.5363  20.5327 14.80979315357805
CARTOSAT-2 (IRS-P7)     
1 29710U 07001B   13236.82177366  .00000869  00000-0  12553-3 0  3112
2 29710  97.9579 295.0319 0000792  41.2814 318.8454 14.78690132357430
HAIYANG-1B              
1 31113U 07010A   13236.77050375  .00000142  00000-0  71356-4 0   529
2 31113  98.3524 286.6332 0014374 229.1865 130.8067 14.29906318332482
COSMO-SKYMED 1          
1 31598U 07023A   13236.83991208  .00000495  00000-0  68709-4 0  8781
2 31598  97.8740  60.9513 0001381  80.5047 279.6313 14.82162463336206
TERRASAR-X              
1 31698U 07026A   13236.77769767 -.00015266  00000-0 -72568-3 0  1088
2 31698  97.4476 243.3396 0001860 104.9516 255.1924 15.19132184343482
WORLDVIEW-1 (WV-1)      
1 32060U 07041A   13236.91237692  .00004696  00000-0  19340-3 0  5976
2 32060  97.3366 310.2477 0001713 109.3614   9.8655 15.24587561330145
CBERS 2B                
1 32062U 07042A   13236.70853632  .00000199  00000-0  77614-4 0  1467
2 32062  98.3320 304.1175 0033148  57.9952 302.4447 14.39010968311333
YAOGAN 3                
1 32289U 07055A   13236.81936591  .00000983  00000-0  13259-3 0  4008
2 32289  97.9150 226.7454 0001088 102.4569 257.6767 14.81315578312640
COSMO-SKYMED 2          
1 32376U 07059A   13236.80615806  .00000400  00000-0  56733-4 0  2783
2 32376  97.8735  60.9177 0001496  87.2235 272.9158 14.82164261308942
RADARSAT-2              
1 32382U 07061A   13236.90157649  .00000090  00000-0  51920-4 0  2632
2 32382  98.5769 243.7017 0001206  91.3172  22.7394 14.29983979297310
CARTOSAT-2A             
1 32783U 08021A   13236.79848758  .00000719  00000-0  10515-3 0  9009
2 32783  97.9833 294.6587 0014322 135.2421 224.9947 14.78642437287375
IMS-1                   
1 32786U 08021D   13236.83501760  .00001205  00000-0  16228-3 0  3839
2 32786  97.7471 286.9455 0014433  98.5845 261.7011 14.80886769287660
JASON 2 (OSTM)          
1 33105U 08032A   13236.48724331 -.00000053  00000-0  36564-4 0  7010
2 33105  66.0413 134.4493 0007717 269.4766 275.7874 12.80929269242213
RAPIDEYE 2              
1 33312U 08040A   13236.79100569  .00000431  00000-0  64011-4 0  5413
2 33312  97.9044 325.0497 0011838 187.5098 172.5942 14.79900000269430
RAPIDEYE 5              
1 33313U 08040B   13236.81593480  .00000472  00000-0  69311-4 0  5272
2 33313  97.8989 324.0093 0018915  65.1641 295.1540 14.79900142269384
RAPIDEYE 1              
1 33314U 08040C   13236.80395967  .00000453  00000-0  66756-4 0  5798
2 33314  97.9032 325.0393 0023940 202.4803 157.5366 14.79898407269421
RAPIDEYE 3              
1 33315U 08040D   13236.84194067  .00000470  00000-0  69063-4 0  5266
2 33315  97.8975 323.8974 0013006 135.8726 224.3531 14.79902625269394
RAPIDEYE 4              
1 33316U 08040E   13236.82795791  .00000469  00000-0  68965-4 0  5051
2 33316  97.8960 323.6572 0013179  85.1159 275.1565 14.79900746269381
HUANJING 1A (HJ-1A)     
1 33320U 08041A   13236.83424350  .00001023  00000-0  15889-3 0  4634
2 33320  97.8136 297.5657 0026857 184.9775 175.1151 14.74915621267395
HUANJING 1B (HJ-1B)     
1 33321U 08041B   13236.87014944  .00000695  00000-0  10990-3 0  5210
2 33321  97.8165 297.9692 0036140 202.6507 157.3114 14.74927973267381
GEOEYE 1                
1 33331U 08042A   13236.85365818  .00000386  00000-0  81980-4 0  4864
2 33331  98.1380 310.0819 0009029 310.2938  49.7467 14.64427525265350
THEOS                   
1 33396U 08049A   13236.87044133  .00000090  00000-0  62772-4 0  2743
2 33396  98.7492 303.7007 0001006  98.4218  29.7669 14.20017154253873
COSMO-SKYMED 3          
1 33412U 08054A   13236.79349342  .00000153  00000-0  25775-4 0  3090
2 33412  97.8737  60.9043 0001463  86.0357 274.1023 14.82162727261403
YAOGAN 4                
1 33446U 08061A   13236.80382142  .00000861  00000-0  13544-3 0  2198
2 33446  97.7320 288.1235 0018158 136.8029 223.4604 14.74815286254650
YAOGAN 5                
1 33456U 08064A   13236.85606260  .00021539  00000-0  40682-3 0  2296
2 33456  97.2096 310.3735 0005791 336.0694 129.2064 15.48440619262287
GOSAT (IBUKI)           
1 33492U 09002A   13236.74867803 -.00000303  00000-0 -44880-4 0  7444
2 33492  98.0954 345.7945 0001743  63.9332 296.2063 14.67532892245608
YAOGAN 6                
1 34839U 09021A   13236.81182020  .00005704  00000-0  28445-3 0  8425
2 34839  97.3199 317.6552 0000928  97.6973  10.6000 15.17911632240746
RAZAKSAT                
1 35578U 09037A   13236.78687378  .00000884  00000-0  59648-4 0  5415
2 35578   8.9872  57.4845 0017123  59.5115 300.6334 14.65716386220737
DEIMOS-1                
1 35681U 09041A   13236.86843296  .00000381  00000-0  71520-4 0  5085
2 35681  97.9937 134.2524 0001731  99.2093 260.9307 14.70002973218443
OCEANSAT 2              
1 35931U 09051A   13236.78414264  .00000343  00000-0  98013-4 0  4313
2 35931  98.2785 331.5188 0003365 146.0125   0.1691 14.50856149207556
WORLDVIEW-2 (WV-2)      
1 35946U 09055A   13236.83673132  .00000130  00000-0  57716-4 0  3037
2 35946  98.4480 315.7048 0000746  95.9909 264.1354 14.37655943203443
SMOS                    
1 36036U 09059A   13235.61603458  .00000231  00000-0  87757-4 0  1545
2 36036  98.4457  62.1407 0001329  91.0260 269.1080 14.39746329200095
YAOGAN 7                
1 36110U 09069A   13236.78640065  .00000294  00000-0  52173-4 0  1108
2 36110  98.0224  10.3430 0023543 248.6643 111.2059 14.74200207199633
TANDEM-X                
1 36605U 10030A   13236.85288332 -.00002832  00000-0 -13173-3 0  7036
2 36605  97.4447 243.4120 0002124  94.8488 316.1890 15.19141719176239
CARTOSAT 2B             
1 36795U 10035A   13236.90622194  .00000497  00000-0  74629-4 0  4949
2 36795  97.8540 295.6938 0014881 208.7028 151.3367 14.78714620168434
YAOGAN 10               
1 36834U 10038A   13236.81140178  .00000471  00000-0  67102-4 0  3795
2 36834  97.8536 233.6352 0000937  63.8459 296.2852 14.81240681164394
COSMO-SKYMED 4          
1 37216U 10060A   13236.82303870  .00000344  00000-0  49685-4 0  1058
2 37216  97.8743  60.9348 0001582  73.5987 286.5404 14.82161808151492
SAC-D                   
1 37673U 11024A   13236.49502147  .00000327  00000-0  59463-4 0  7026
2 37673  98.0136 242.9559 0001460 102.8853  57.4989 14.72314027118574
RASAT                   
1 37791U 11044D   13236.83060808  .00000258  00000-0  58702-4 0  2685
2 37791  98.1997 319.7771 0022224 173.6657 186.4836 14.63686595108013
MEGHA-TROPIQUES         
1 37838U 11058A   13236.42661449  .00000361  00000-0  54507-4 0  4692
2 37838  19.9769 270.0427 0009331 268.0255  91.9080 14.09692188 96345
SRMSAT                  
1 37841U 11058D   13235.44846762  .00000379  00000-0  63873-4 0  4482
2 37841  19.9709 272.6212 0011691 256.0501 234.5688 14.10241852 96277
YAOGAN 13               
1 37941U 11072A   13236.91350441  .00005629  00000-0  26484-3 0  9648
2 37941  97.3717 165.9198 0002054  85.7596 340.5232 15.19948755 96356
PLEIADES 1A             
1 38012U 11076F   13236.86850798  .00000226  00000-0  58467-4 0  8853
2 38012  98.1959 311.0427 0001250  75.0944 285.0391 14.58554013 89902
ZIYUAN 1-02C (ZY 1-02C) 
1 38038U 11079A   13236.81188446  .00000168  00000-0  73890-4 0  8664
2 38038  98.4983 312.3519 0000734  64.9283 295.1984 14.35378792 87759
ZIYUAN 3 (ZY 3)         
1 38046U 12001A   13236.76727826  .00004930  00000-0  22360-3 0  8468
2 38046  97.4348 312.6779 0004430  29.4371 123.3815 15.21273920 90251
RISAT 1                 
1 38248U 12017A   13236.79634493  .00000847  00000-0  57649-4 0  5019
2 38248  97.5945 242.9394 0002046 106.9535  17.5151 15.08939665 73260
ARIRANG 3 (KOMPSAT-3)   
1 38338U 12025B   13236.82416106  .00000350  00000-0  79362-4 0   235
2 38338  98.1681 176.2231 0011884  22.1407 338.0310 14.61852459 67804
SPOT 6                  
1 38755U 12047A   13236.81484586  .00000216  00000-0  56193-4 0  1068
2 38755  98.1609 303.1060 0001615  87.5591 272.5793 14.58558698 50979
LANDSAT 8               
1 39084U 13008A   13236.06104606  .00000360  00000-0  89851-4 0  2407
2 39084  98.2056 306.0759 0001493  61.4889 298.6462 14.57109632 28183
SARAL                   
1 39086U 13009A   13236.02687443  .00000108  00000-0  56377-4 0  2138
2 39086  98.5584  63.4693 0001864  93.5378 266.6016 14.32247148 25697
